343111 343112
343113 343114
343114 343112
343115 343116
343117 343112
343118 343119
343119 343130
343120 343121
343121 343130
343122 343119
343123 343124
343124 343169
343125 343126
343126 343119
343127 343114
343128 343129
343129 343119
343132 343119
343133 343119
343134 343119
343136 343137
343138 343114
343139 343140
343140 343112
343141 343130
343143 343144
343144 343119
343145 343124
343146 343121
343147 343148
343148 343112
343149 343116
343150 343126
343151 343152
343152 343169
343153 343148
343154 343129
343155 343130
343156 343111
343158 343159
343160 343144
343161 343160
343162 343140
343163 343148
343164 343111
343165 343114
343166 343130
343167 343114
343168 343169
343170 343124
343171 343128
343172 343117
343174 343118
343175 343116
343176 343177
343177 343169
343178 343116
343179 343180
343180 343140
343181 343124
343182 343114
343183 343124
343185 343114
343186 343111
343187 343188
343189 343124
343190 343114
343191 343129
343193 343124
343194 343195
343196 343111
343197 343128
343198 343111
343199 343148
343200 343116
343201 343129
343202 343180
343203 343112
343204 343118
343205 343117
343206 343177
343207 343184
343208 343117
343209 343128
343210 343114
343211 343114
343212 343116
343213 343116
343214 343140
343215 343177
343216 343121
343217 343130
343218 343177
343219 343124
343220 343168
343222 343124
343223 343114
343224 343152
343225 343114
343226 343124
343227 343148
343228 343140
343229 343116
343230 343177
343232 343128
343233 343111
343234 343114
343235 343203
343237 343148
343238 343126
343239 343111
343241 343121
343243 343124
343244 343116
343245 343163
343246 343116
343247 343111
343248 343177
343249 343118
343251 343148
343252 343130
343253 343121
343254 343111
343256 343114
343257 343169
343258 343129
343259 343114
343260 343112
343261 343118
343263 343119
343264 343177
343265 343177
343266 343117
