343111 343130
343112 343128
343112 343129
343112 343198
343112 343239
343114 343117
343116 343241
343118 343204
343119 343121
343119 343131
343119 343154
343119 343177
343119 343195
343119 343222
343119 343255
343119 343261
343123 343183
343123 343215
343124 343111
343124 343181
343124 343195
343126 343184
343128 343174
343128 343236
343129 343251
343130 343266
343132 343137
343135 343128
343137 343129
343137 343181
343138 343127
343141 343169
343141 343211
343142 343261
343144 343122
343144 343143
343146 343216
343148 343119
343148 343203
343148 343263
343154 343193
343155 343141
343157 343128
343157 343133
343159 343111
343159 343204
343161 343122
343164 343158
343164 343214
343165 343151
343165 343182
343165 343211
343165 343228
343166 343217
343167 343204
343167 343259
343168 343222
343170 343130
343172 343145
343176 343119
343176 343152
343177 343112
343177 343215
343177 343218
343177 343220
343179 343140
343181 343183
343183 343136
343183 343176
343183 343226
343183 343257
343184 343263
343188 343130
343188 343252
343189 343152
343189 343177
343189 343195
343193 343265
343196 343189
343197 343157
343197 343238
343198 343120
343201 343242
343203 343266
343206 343151
343206 343228
343207 343232
343210 343172
343211 343260
343213 343175
343215 343145
343215 343206
343216 343198
343219 343123
343220 343137
343220 343162
343220 343242
343221 343177
343222 343118
343222 343170
343222 343183
343222 343224
343224 343164
343225 343210
343226 343177
343226 343243
343229 343244
343230 343168
343230 343265
343233 343254
343239 343202
343245 343188
343245 343228
343247 343147
343247 343233
343247 343239
343248 343176
343248 343206
343255 343174
343259 343185
343259 343210
343260 343220
343260 343224
343260 343227
343261 343231
343261 343238
343265 343253
343266 343193
